n=[1 1e3 1e7 1.2e11 1.2e13 1.7e14 1e15 3e15 5e15 8e15 1e16 1e19];
(1+1./n).^n